0 316.836739061509 2202.34070733524
1 4377.40597216624 336.602082171235
2 3454.15819771172 2820.05301124811
3 4688.09929763477 2935.89805580997
4 1010.69695174829 3236.75098902635
5 2474.23087705802 1435.51465103355
6 1029.27779539904 2721.80095181828
7 3408.8876850978 199.585793110095
8 1304.00612486516 2657.4272464147
9 4211.52572520278 2294.59520756053
10 297.575457744177 1952.54848604431
11 2052.11650024281 578.293526079925
12 2645.07717644239 2717.83877166413
13 965.611152018858 1067.73428090237
14 454.988722651848 1217.67099258848
15 3369.34492707069 1504.60374044762
16 4944.05945305232 2326.33818945225
17 4313.20756342998 2800.43842336279
18 2352.74364731271 2489.9395290843
19 3033.17960713895 515.217613072276
20 3421.86596559975 1597.52698458016
21 4326.66757075559 1607.37870736057
22 1383.88449368245 3167.74721022932
23 3633.8157277756 2889.99516742742
24 3694.08227949049 734.949756639724
25 4646.26699849733 2884.58921856758
26 4587.09486890759 713.341440806105
27 4310.14227481823 3267.64652774911
28 2781.42032039419 3315.1681322408
29 793.107933070054 1250.69790683286
30 2096.37798927476 30.5978946723449
31 4784.96940858008 2161.9786352109
32 4770.63392741088 2468.55460799017
33 4841.0564197797 2829.18659357015
34 795.240768406352 2996.28193820442
35 3304.12163927154 26.3903305072922
36 2698.10714285714 1635.41369458499
37 2681.19346294378 888.759215029738
38 2691.87882046871 1698.43748725319
39 1765.70445289268 2043.83034015904
40 3110.04218056469 1612.56209302348
41 2856.64518384702 1601.13448201198
42 3025.16681425262 349.731944746821
43 4365.67242174725 2009.38783950011
44 2786.7267397884 1374.79135235153
45 2744.0749589069 65.2390862452603
46 75.1258216861128 3116.36326758552
47 4065.57652338884 1828.01338689007
48 3103.21867349923 2181.82781969239
49 4798.7430137399 2070.47767378303
50 5097.59358928402 2123.33802818142
51 4466.29719885251 1528.34951978717
52 861.294052498816 2709.92209429701
53 2653.10197005651 994.42533042939
54 4297.85865323775 3109.76477182228
55 301.141495982181 2794.84867580278
56 4980.96025926499 2716.39605129616
57 4314.01768160673 297.179955475347
58 4379.39456399945 1608.62534787208
59 4426.29707900608 595.230645888941
60 2751.42327020618 2103.51984381703
61 1422.07322299298 2153.73958019015
62 2363.96153846154 1392.24885942016
63 4391.29260941259 290.256786748468
64 438.749616399983 1192.23988505254
65 4472.72713687405 2620.72344611585
66 3147.18528137675 2696.02471131677
67 2408.34906645351 3099.48274740725
68 2910.19070213457 1449.18295640084
69 4482.91874457511 1286.87804430114
70 2604.63103166266 1094.10801851679
71 3254.94785001659 2519.08991384729
72 4719.34663259762 1994.30369301161
73 134.054141671152 2631.81362355627
74 5033.00861990145 2344.46886208914
75 4194.34405157714 2029.21242375372
76 2539.99750479341 1459.53665344344
77 4837.3216571418 3233.70441068392
78 3362.3952214301 1018.48523588794
79 2278.90747565713 1253.46657020019
80 164.417376770454 3049.56836376305
81 2761.96741456801 163.833361271628
82 1372.65479478886 1172.86937013192
83 4176.18931137119 2737.32275853336
84 4544.58878717582 2833.09487980575
85 3649.71396101988 3028.6218857558
86 297.157210012074 2315.59234839348
87 1808.18418289567 1437.43627077367
88 3109.69281910558 2017.93846825479
89 3972.87061975029 2804.60848481106
90 4479.45567319565 1816.85985783485
91 3387.93248278808 2712.23021727757
92 3050.97747830715 1436.10618708775
93 1611.38526595985 3194.49423984465
94 4504.73949487129 337.155991677579
95 4627.24060926145 1537.16126535512
96 3823.10871162514 860.310754305924
97 4767.71754570483 2001.32781259338
98 4708.42732032272 2518.35595331495
99 904.298561722123 1215.39735523841
100 1735.79054051332 330.844475993137
101 1805.9567023981 1249.27414623833
102 4465.92358605916 283.59376368983
103 2540.80004201081 2.61357921621993
104 500.481217057265 3115.0528922511
105 3642.66898734423 2188.99628198625
106 3379.85933422022 2929.78878042888
107 2743.84370393501 529.294583309123
108 517.888992074779 1507.52317433311
109 246.035041622657 2844.62481476468
110 3665.73373596452 750.334004795636
111 4193.95840164344 2793.52037882311
112 2120.92061260091 1268.62494054415
113 2980.55026600838 27.310345365298
114 1183.05498504527 2540.59674435233
115 4586.79293621004 3395.00674647109
116 587.718139927999 3388.72631814684
117 1950.35136558054 77.4257094794875
118 4444.75104447615 802.735453358798
119 1360.29281114871 2975.15677682174
120 2697.09386394373 1437.90395295805
121 109.479465961705 2744.75413913524
122 2951.07607917834 1617.44682867182
123 3105.31589494524 3151.58189767381
124 3059.15558289972 2427.41200342734
125 95.403746591473 2745.10689043886
126 3445.98063939644 1825.74528783529
127 5028.19359928747 1964.53022021617
128 3671.21975194436 3128.62481689798
129 209.816403488641 3224.07028347278
130 2702.93770492275 3341.36428190614
131 3896.39156760253 2078.06096000801
132 312.365364894475 1725.20019141685
133 4866.72897993955 1683.72512423299
134 2870.54171491913 30.7321428869377
135 2069.12010817904 362.030760720722
136 1329.8400967308 3127.41551928191
137 4369.97671032932 2409.5875199172
138 2886.90212488295 1515.38553035368
139 614.831595086745 3029.44938905736
140 4087.40042458466 3199.37396471307
141 835.308125824612 2519.47472547485
142 1499.07383426404 175.009438299227
143 2579.46832671133 916.614105257252
144 106.861431066841 2352.80340679874
145 3243.36936733194 1842.79840941101
146 2813.22325066804 242.234054050085
147 2386.10065057819 2894.27195908844
148 4537.10781045789 677.476730234028
149 3105.74755905473 1192.47014797304
150 1147.99423752477 2612.70832787605
151 1386.87492262652 2051.30007790405
152 1633.16187296077 2199.51495691059
153 2990.1891849021 8.50303645886333
154 2743.09380439421 888.393349016055
155 4477.25127101315 409.325893170456
156 4331.25031527426 328.682067273236
157 937.691826598033 2777.3345091833
158 656.836146274636 2089.76937300036
159 4663.07524052341 2278.15262809849
160 4864.28821102712 2735.36852129251
161 1157.8294002734 1243.534798185
162 2207.00124748144 1275.56398779138
163 4866.34048548721 2405.82025494878
164 4671.37575932849 1679.75588614011
165 461.809686837729 947.768376911059
166 883.299941694507 1230.94395304373
167 2976.66187607785 383.511078065363
168 2580.08919727835 159.937929135727
169 4831.91084047495 2222.73682757867
170 859.781698312451 533.66302915857
171 2872.60494579655 3180.17082591187
172 3691.73263620806 812.752494572593
173 2584.55128732566 893.099603484598
174 3569.77344471162 2540.44070190754
175 4317.99097662013 315.817329601533
176 1973.40406236611 75.8232603693214
177 3569.2674970198 3203.74255638384
178 487.34479148784 1163.21985100382
179 894.493803147478 1518.20907247153
180 2612.08252386302 1097.15923618945
181 1890.59283362691 2574.98129962211
182 3235.66085582385 2818.90351293125
183 442.37804581178 3045.91165602516
184 4565.58883668441 190.074417949073
185 3504.6910311872 3034.92481609449
186 855.347766185839 1127.47671320589
187 1341.09821094399 536.438572833245
188 1615.07420852925 1948.86616547854
189 2089.83002889536 180.310204345249
190 3065.69226219182 1601.29882755987
191 946.508541843985 1673.02929823752
192 957.013098028833 591.041188175729
193 3322.09000777785 2820.93861317996
194 2538.20922581604 202.586362919511
195 5043.05984013368 2137.58187470271
196 4290.27696272312 2949.24201922474
197 3001.59719522673 1019.5088507544
198 3145.00671356532 1902.7144786435
199 2475.19397217306 1558.74849260434
200 2321.95652173913 1376.16524738003
201 217.03291992213 2263.49301221153
202 2384.61857903112 1212.11349516951
203 1899.11640084192 1426.59223647748
204 1739.06252989636 2351.95348659607
205 3123.82724768309 2699.19826973107
206 1822.57971649312 3296.67957775789
207 4446.03714513293 1381.56399172545
208 16.7700118908499 2369.82601579483
209 3242.73853392317 3017.70358886624
210 859.295775592331 1545.0010093619
211 3632.22402886665 2957.23687524485
212 216.243346341064 2649.98024845825
213 4387.74082984129 2194.13904161662
214 4949.42164558346 2067.21853651878
215 2341.69473209952 2855.19324511828
216 1082.14155660632 3216.9174438319
217 3246.93454876864 1701.46717186484
218 4769.94051196537 3200.65313756099
219 2428.08636733243 529.475254854234
220 4155.43302239448 1833.6050750234
221 2287.35294117647 1278.90949290432
222 1982.63812919168 2559.42176765196
223 882.144260099695 657.412567411676
224 3222.1057717912 2378.95670016191
225 2324.31826274294 152.228915800526
226 4628.02670166264 1699.55352213612
227 635.397595323703 3076.11723770386
228 4626.32379693769 2485.53150425084
229 1084.27575946636 1461.38894424478
230 4687.48246072542 1982.38841502789
231 2895.34023625732 2494.80531284298
232 4849.80973721113 3174.49850276295
233 1367.50561440201 3193.55579068044
234 1074.24986838631 2219.56028717155
235 3434.22238554222 3138.20044914454
236 5061.34946476576 2162.02603094831
237 4661.19605001434 2009.51455723883
238 2332.35062752875 936.528853603963
239 1243.21497705145 2947.74657141352
240 1476.95825777946 1208.2840652778
241 1328.21066601422 3270.05878310561
242 2635.06893393501 1608.29128030325
243 3307.82954732824 2364.21759117087
244 1174.1435849324 3305.84562568553
245 439.142489552912 1167.52398299892
246 1697.84715265347 1162.31565741307
247 517.459703428636 3272.16681982182
248 2754.97944593615 120.699108058187
249 2561.69952570632 2730.05138899243
250 3180.95315280001 2563.96315470982
251 505.115011934695 3312.21188743461
252 4675.96919382121 3255.44589933489
253 842.489719903437 267.722107206641
254 607.003629930774 1106.65007495755
255 2876.64558399576 426.449429389246
256 525.064536794115 2321.0239983886
257 4799.76591329212 1785.92266302743
258 1189.36471160412 3090.92149304726
259 2899.37626408871 2691.45196576187
260 2961.22750018461 1045.50411405781
261 671.135970117444 1302.86350469423
262 4922.16312085337 1822.40072985985
263 863.18651177346 16.7124383798628
264 4237.19427757702 2065.22666846188
265 3840.27747184279 2566.13666663803
266 4024.17931077965 2564.07222945797
267 4944.29335342962 1870.5410694169
268 311.342412671995 2938.12785126377
269 2492.97007192771 2415.07005264513
270 1707.18811872365 2469.75804592773
271 3965.3691382593 2286.04986331416
272 1359.28757028542 1181.41931903117
273 4360.04882696388 83.6319807130076
274 1600.06572616154 153.160078299989
275 2479.14945465865 473.558949019015
276 2498.69114280894 1606.20839360741
277 2599.07250461266 1997.76147386616
278 3888.94164651365 753.934676411075
279 5072.41753524077 3100.23985712226
280 1474.53602593444 2968.01754084105
281 4394.23814492155 1866.7917187739
282 737.556458505333 1650.83395471983
283 731.032834181216 2056.59747318745
284 2960.12423681243 2634.75733812967
285 2219.28233324417 341.57749557904
286 4388.44088545868 2153.21616941576
287 4965.49031449744 2996.89369418784
288 564.471135259211 2961.32156862647
289 843.401104957713 1282.01189241018
290 4814.20687337192 2173.57533696216
291 2888.75643301439 1633.72081789036
292 494.689388208442 3028.060283393
293 1385.61510002515 2488.89466987764
294 2756.0190746178 69.6916190559878
295 1962.61085915703 625.568966047518
296 4284.90884618169 488.567784107262
297 4621.44044392602 1119.73757296977
298 4100.56388911075 2167.31345243353
299 4262.32918311917 2596.0468141495
300 4824.13441416501 1559.55659440744
301 3898.43585396779 3396.38638004245
302 2976.45624237236 2803.33525417828
303 2561.20078418597 260.812488319801
304 640.475280559943 2733.93841674026
305 2194.38692072978 1341.18945854316
306 1415.21561881936 1968.21583621036
307 1059.74875691336 779.394829395877
308 1081.31882012818 1138.09489350658
309 4755.11410696347 1608.42739794739
310 2926.08603154578 2266.47103562522
311 1483.92090355272 2568.77067519536
312 1468.99120423208 899.588983798575
313 2949.97732910252 2247.32802997881
314 2762.611697093 1727.91131709162
315 4576.27950899815 285.893643568044
316 4574.11203547057 2519.62498550945
317 4414.10639753447 2704.74548406257
318 440.294964709615 1300.5889435336
319 668.927035807705 3192.52535159511
320 2654.36117059069 1033.92793135608
321 4833.72511981699 2700.24019374648
322 4472.4682992035 2152.1577713633
323 2384.35082961177 1702.90148118286
324 5021.01100142999 2199.5404647186
325 3029.52570008103 915.112100874295
326 4331.0767371708 580.649940250383
327 4395.08084199174 3345.84896741345
328 3031.77026414727 2594.84581336354
329 2641.13137408639 1666.49766157243
330 5092.26646524727 1523.33860099429
331 3639.03024208664 854.638736171114
332 4008.22235679644 1956.1653254872
333 2169.28597192424 1142.28314525686
334 1913.21165925202 1329.57149410079
335 3023.29245891681 422.30069406639
336 4187.45781486986 3216.17723083185
337 4521.81988455954 1080.5422964024
338 3018.7919490237 1840.63035279646
339 1786.07850845988 1450.2952970778
340 1230.5082545832 2653.5433359285
341 1258.41586975454 1110.13802559956
342 4356.26078320247 494.264203382498
343 1961.44829380428 1204.86133283822
344 3242.64452935526 1550.40949586908
345 2147.19732662095 136.526636089929
346 2774.19835954428 822.827632545483
347 3010.82509562769 1557.19049142752
348 1002.65962846482 2654.7242209224
349 4864.26974504979 3250.72137661053
350 619.781632588224 2780.02080030377
351 909.771919465717 2439.98654119979
352 2777.60377999653 1716.5216371503
353 4431.45543231993 1776.64307499493
354 684.851040363196 3172.35624138027
355 1568.12948479908 2933.61799807351
356 748.153715702484 1429.29653968681
357 1013.0430577188 2410.88101481302
358 4351.49139956863 1993.21349029096
359 4995.07754367143 3396.39598468353
360 3156.35149924762 1160.75305898859
361 3709.51371571404 3221.55058149124
362 232.023266268432 3154.55899656293
363 359.177088647921 2894.43630611306
364 475.243401032229 1416.40541359712
365 4439.81011539768 3071.74563784762
366 3169.18385112645 1896.2840601581
367 2010.73438745455 3014.54521428804
368 4883.19082671054 2329.36535969293
369 4055.08219816928 2404.39972013703
370 4540.90459288826 1890.4730736031
371 2086.40440934159 386.393350455763
372 208.713840402371 2925.76052627175
373 4133.50869721443 1938.5501105079
374 4399.87541990443 166.483504086832
375 4576.84698414791 2386.94832452919
376 2049.69159546835 174.636628939426
377 2655.78990319334 977.890714504709
378 2628.23800419346 1459.5191015829
379 500.884507390962 1303.59788524079
380 116.587584690334 1323.39391760313
381 2987.24557182814 676.679980756558
382 1536.91628867615 753.39704788999
383 2978.20524135934 2283.11310192799
384 2903.82290469691 459.82059689125
385 4419.0980902355 1138.51036864788
386 2892.81053416999 1815.36968756946
387 4526.65742504481 1973.59442963788
388 2731.98501531274 1281.63949360828
389 199.967241949183 2465.02404723684
390 1785.80904489745 1456.49536266437
391 3071.90373290158 1550.36758318878
392 4219.40497668252 2399.3974606306
393 2745.94892217318 1255.88148141944
394 2772.23954763167 2817.92635289784
395 3875.84389030922 2735.5817677366
396 1702.06378365117 1454.17334659866
397 1847.35491222908 2335.8188801947
398 4885.99758164687 3340.39550551559
399 4781.36906481485 3387.9094632043
400 979.054262260418 2565.96417185975
401 1127.14644536675 3130.53014974533
402 3093.84448387276 1528.06310979465
403 4827.05802688758 1818.3727602678
404 4263.15448109715 3384.53754597082
405 343.471796875736 2887.17329356644
406 3853.44639977664 2059.0324285082
407 4433.70013280382 1236.47308120654
408 4163.75757355968 2675.4295284088
409 4941.04963640294 2171.55014440792
410 1508.56944064551 2395.03688483127
411 4183.49434211493 3287.20506630348
412 1581.32508547917 1481.90103712362
413 2586.32996760179 1570.33056522462
414 2576.01842490279 45.6878285329672
415 4795.06621502558 2471.4515043854
416 4183.99868377405 2525.84972640356
417 4618.84669472818 2013.55079596757
418 1074.85563004522 966.582277684944
419 341.250803771436 2873.65358231714
420 2449.23057804886 16.3012172270205
421 3164.65862514628 3323.19393332399
422 3345.1518419746 3060.19086461528
423 1294.68902070077 1056.03452190521
424 2806.27565381935 2401.50486880709
425 1074.07444285591 2521.00924997122
426 3768.43726870668 2678.079632224
427 4473.98161798581 1501.87467805237
428 3827.31561930437 680.357390883381
429 1264.63923930785 975.178603563842
430 4179.1700280148 3041.77552859133
431 1080.24549521788 1180.40405675306
432 1870.17440877134 3196.13739289756
433 1697.10613551698 311.689093793053
434 4740.09717320663 3068.37773192501
435 1157.71643158389 3195.02789890209
436 4453.13696881069 1252.6014537695
437 2594.84820670598 2660.39780528672
438 3716.60837488147 2421.1352344908
439 705.032810179454 2798.64286866901
440 4363.7244281653 787.580331424291
441 2233.00918619803 1320.55222108191
442 721.477284518163 3004.14063732001
443 4576.16179827674 2084.04994538976
444 1909.58234067137 803.674018144397
445 3890.70523921969 3360.98976480836
446 2671.46022339617 1500.29064678049
447 4100.42354232044 2759.47330556491
448 405.323685102405 1354.45060408317
449 616.675910999139 3016.82795424877
450 4558.31052392688 1120.87813919544
451 4603.35319212667 3236.05698847722
452 3900.5672999334 2376.44427235648
453 4381.14375485611 1388.251500791
454 4640.1333079966 919.719431311816
455 1092.80196791087 2357.25021757159
456 1754.29417512796 1247.27681058867
457 4513.40970205798 12.4707694457143
458 1292.14865204216 960.778158447301
459 1975.04814796559 1166.07790371347
460 2517.75681336834 1485.5028111718
461 3845.89764871836 735.229071149609
462 4377.01692823077 1293.95140892803
463 1318.40185198733 2784.83917821514
464 1371.77283013564 2636.08106348397
465 2297.12881387784 1733.38381224232
466 4400.14942767038 230.35832818845
467 3413.51451594541 3158.69938151353
468 2854.10831591514 1478.80351847654
469 1417.32707369872 2124.90239025158
470 2489.82369616152 1548.93525148811
471 4456.93404347258 223.901723133271
472 4836.19164301704 1982.46037895486
473 471.633838052425 2212.87874229484
474 2835.28766846281 1707.60849262221
475 2293.45769557695 1250.49576037931
476 3233.00182212459 824.918507330125
477 4797.08343325763 2678.26937339408
478 3357.37625496112 2518.76974242341
479 2919.00040947048 815.372361339049
480 4480.89746221135 1421.22060642428
481 4703.27183108953 1844.51249436047
482 1809.56605789948 361.228332195592
483 1137.49083627104 3021.23002874772
484 3282.18386425366 2252.63491926197
485 4416.3901005522 910.609891260697
486 986.142637750246 1675.23448494478
487 609.674986228123 1071.42026068387
488 1098.30506664393 3346.32384030744
489 3094.10093353188 3196.2243230245
490 527.08059970107 2773.02498984323
491 3376.22700631796 66.7536514686872
492 2663.51075293896 6.55925014193053
493 2307.2625498094 358.148429327277
494 4594.34473058969 445.428881569453
495 4420.3622904968 1237.94768759077
496 4495.101110075 2164.41845614585
497 2085.12165960702 2672.53342424699
498 714.796534025852 1059.38182243202
499 3041.29227643772 1061.7873514732
500 2969.50536621506 1893.9816613861
501 4474.62068087068 1616.53740519017
502 2727.50132826034 2744.65769322584
503 2761.22130586416 341.405360770065
504 1295.34599012639 3129.42038075726
505 1855.87294602059 2611.48225685851
506 4782.35459964824 3264.85173441352
507 4818.87220147264 2632.29889094986
508 2388.6864491253 1308.24446415754
509 3025.26357516506 371.744558635621
510 292.129628147094 2991.30280182411
511 3031.64914558236 57.3306359252292
512 205.185458654701 2988.90898042196
513 4881.00977166864 2058.41253200141
514 3300.57644263176 3090.28778936099
515 2310.05204229268 1693.1232134197
516 4420.05841355942 368.454423433977
517 1133.3005222785 228.357181408964
518 1895.08410224665 846.704706023886
519 2419.70532533059 1367.8711347034
520 4159.58088365621 2293.46956042916
521 2431.06407028832 1960.62200272556
522 4320.62558431708 1240.28640084936
523 2356.14646222741 534.018032132047
524 2306.68529156948 1272.25799791246
525 2001.83036838123 2144.34003439282
526 463.677721158812 3240.52559002587
527 4055.25538404127 2274.10007919475
528 4436.17667617195 2064.8572234755
529 4937.2431033966 2721.36265473483
530 4310.45071860683 2707.44149076969
531 4547.84108342635 1284.77122103934
532 1216.2740454864 994.477239215971
533 3982.84233922382 3046.86557346555
534 2966.41858501109 1648.60029125069
535 847.699736825862 2266.39725674275
536 199.054581433428 2806.71289906358
537 540.975500384448 3396.51606285004
538 3614.26649392952 1343.42716559918
539 1070.34926855243 3376.71400761185
540 3543.94222038942 1528.04556827736
541 838.831082395872 881.62589296379
542 4526.53733328322 3094.20287684892
543 2417.30359744735 2445.48839303697
544 4640.37130029773 1413.39756863072
545 4454.47658070103 1604.29322681563
546 4514.9280070237 1708.37820922347
547 2300.6427813709 32.7667283028213
548 2846.11139873372 401.403322778663
549 3771.06782089795 663.761585092788
550 2184.24264669799 1381.64565331911
551 3482.48746774928 1401.8603588306
552 4761.30221617007 3304.42010830265
553 2149.38688384874 570.343494587506
554 2909.03932973482 921.919447735428
555 4526.78056302677 1130.49540630184
556 4853.29845362533 2214.98916530721
557 2534.58946236895 1473.68405313388
558 5001.05482377913 2278.44619250667
559 1493.20900783924 2980.76757867887
560 3982.56013434646 2946.45288268414
561 4812.33431328621 2260.76104831355
562 5005.01024948212 3163.05820893761
563 4270.86309448431 406.863760644605
564 118.943520286979 3133.56438130839
565 1604.29832413235 2315.0229345946
566 4305.21332170292 966.314675827669
567 1176.50945592164 2637.39826919523
568 603.852304350452 2071.21450823948
569 2998.10876604779 1748.61399993422
570 3799.79739180017 2935.80382713776
571 2072.85229469024 194.041493728563
572 1985.63997439078 35.2315247434608
573 3402.25007326746 3119.56298199227
574 1981.44118329945 3288.94765725111
575 3511.13741719206 2340.9519943527
576 3359.42077129408 2284.83091725163
577 2858.37833998886 1785.28353541437
578 2708.27796229153 3335.42837097992
579 3532.11744279573 3186.37458132549
580 1440.91503143389 3308.76644866612
581 2501.1834470884 1007.80422625819
582 1604.1173601182 1755.51455766311
583 4376.42571514009 544.313730362023
584 3943.39619531707 2709.86860081272
585 3889.78926362194 2745.56810128069
586 5027.49828345014 2803.37001406055
587 3087.24202221457 1538.53987714968
588 3519.9628390345 3274.82984778363
589 4976.13795486703 2518.26771785844
590 2832.05854966373 1485.58082837739
591 1483.73147333578 2830.34615697516
592 3046.29591754159 1333.11368390843
593 2165.24747062923 1129.73849973215
594 2593.75618123723 1383.53958381211
595 2537.36889483913 185.531847196171
596 4524.4738003988 885.39520915867
597 4372.55726853036 1718.15173666323
598 822.812986473143 1041.6278875778
599 2997.83333333333 171.056551727852
600 5064.43840043916 1634.86643744106
601 2949.48636074933 1600.36735351197
602 306.40977593408 2452.36445250467
603 2423.12658848797 1703.77103526164
604 3346.02894066087 2221.06152843963
605 1961.41248718756 2908.83144436969
606 1553.0263906757 2321.84535796987
607 1763.10037081462 3018.94681777885
608 170.73350817397 3009.34377543543
609 957.174362192163 2486.63401971441
610 3968.19511578845 1891.10384249435
611 2003.25254297648 623.283182130648
612 2545.1568187686 735.394119870334
613 3079.62721259104 1264.3686964143
614 3395.28162006225 2778.30475834119
615 4587.88073137969 2750.310493374
616 4983.75045056196 1645.33620528702
617 4613.49296703007 2330.87317456851
618 4901.23065135218 1927.36334984224
619 2731.98035913704 520.521211713819
620 2534.94450317677 1341.7270719054
621 1394.86473367657 2279.6065576182
622 2212 1405.55655172785
623 398.264507885815 3368.37559963002
624 766.034140369402 2555.41848952898
625 489.986675004541 2568.75161576039
626 2261.47899243955 1774.84450617851
627 2489.73211031898 1328.32068484399
628 2857.49751781588 154.411026681954
629 885.78464653947 669.440266572834
630 4820.3919632367 2436.06309978457
631 5015.03732615784 3153.89516548218
632 1802.36935232354 389.745038520341
633 1481.79958930572 3196.24699640053
634 1597.91043005656 1791.50377557868
635 4464.41136081276 221.787159893726
636 4971.43992708203 2126.32515288997
637 4290.19655792216 166.208547950867
638 2601.23222676269 1495.2388417302
639 69.7333122510528 2747.0730906607
640 1505.5985994073 1092.28888201558
641 5098.70133098866 3341.88329902546
642 3803.51213196316 2714.33493654143
643 5059.30545208034 3301.7629655234
644 855.195315963827 1154.54566654656
645 3238.14893791936 1771.70435352455
646 3015.43353991101 725.492637993986
647 4382.14076118461 1157.23131437248
648 974.211819629204 2285.86142705031
649 404.281602860951 2897.62661906449
650 4554.31094785304 143.510820796595
651 4446.43163644224 1425.88586492489
652 4725.75621454103 2070.15756814459
653 1515.38760540249 2832.26115375855
654 716.480689604126 502.214946899056
655 3193.15530348524 1603.54642962203
656 1192.43084435941 402.28636197991
657 681.996097611771 424.362744118259
658 430.745354128313 1035.98008407449
659 967.370604756001 3274.91572494999
660 4227.30496510102 2830.34751270678
661 4329.19234843416 724.808960393034
662 3067.40251315235 767.684179643955
663 542.254963238966 3360.3348304212
664 2774.3805460978 1573.91207822164
665 3621.83340666039 847.900408108412
666 5012.91789722785 3271.40046677839
667 2604.36245516017 1671.05986321041
668 3280.68432988289 1727.17643313113
669 3057.16276385937 1414.96386553831
670 1018.40321820574 1076.82102111403
671 4177.36380554387 2413.57686822735
672 1309.56898160867 734.705053174847
673 2904.23181624518 1358.94667440594
674 4880.04944440033 2550.68919145956
675 956.574218677978 618.370613232712
676 3547.89214782873 2425.27988577689
677 2241.12492377099 141.635723162331
678 1103.97488002618 95.5187312414123
679 944.779962588022 3036.44247470764
680 3669.89090025426 2076.32397266154
681 2955.82796273278 2830.25208125293
682 2137.17985194063 223.651217644235
683 2650.54672055064 1691.2418365111
684 281.377254041942 2601.32627704953
685 851.31935978986 3025.636803905
686 3228.2550537218 2719.71099137675
687 32.9549165311942 2041.73912829081
688 1997.30181815606 943.218768135418
689 668.386181022162 3260.79624968752
690 2431.92322818517 65.8857154106122
691 4892.27882959131 2451.09589929931
692 3133.16717331927 1082.31195783778
693 4803.69336361836 3261.3877916228
694 3562.02912448267 460.164194159368
695 2515.24991511199 144.413300805295
696 83.101841535858 2818.74841735764
697 2050.96632408617 1358.52255019503
698 4672.95104323346 2749.26083085627
699 4705.24877306586 2309.38496629929
700 254.604903812565 2752.01893651258
701 177.713809681671 2796.61985100131
702 2837.05200434264 2776.61915451973
703 605.33655984667 3203.45588451174
704 566.734576856527 1387.37004359476
705 3710.70067111554 605.371598889996
706 2741.95697871681 1800.56198951026
707 2286.09359900844 1969.02569978751
708 211.90709382179 2909.26958841279
709 4454.94808595219 2740.00506351222
710 670.830673772257 809.09029763824
711 4418.88627716944 899.349603198166
712 4788.16292929825 2068.85213891263
713 2590.02675056773 1388.1657574278
714 2132.13050164509 2829.20398775327
715 4351.41417170304 905.4053542352
716 2905.99029648887 2675.0703666672
717 1064.72111933107 1976.8624488576
718 1443.22744119254 1666.49564908115
719 752.923067305414 1303.13076819208
720 142.54357139685 2372.55944947783
721 944.174554183813 2657.1702142587
722 4646.195111383 1285.81831383152
723 1240.30009014413 2532.86531268275
724 3176.7955301594 2254.8638685932
725 910.346226622808 1152.51017975548
726 376.305835406497 2576.70180615262
727 2690.1736811796 1478.61786851659
728 2620.46406905709 896.690532096664
729 4615.13468531 1930.53024413269
730 622.807483639139 2843.67314229279
731 4752.9996006938 1979.65715319588
732 3133.83622866298 1244.87317750287
733 3002.09150349841 575.002449541502
734 4427.75706780245 510.776944677805
735 2938.16269608126 3325.62406699098
736 2899.27777777778 1773.44544061674
737 4348.71217801418 1576.91225505861
738 3442.47212764373 1714.35536575786
739 2554.58209449064 2480.29307246861
740 4637.46866689762 2719.8427469165
741 141.440187509543 2387.52031779901
742 2129.45597118266 556.584369900765
743 3411.5398141285 221.388120344748
744 4379.0549790195 497.602544909191
745 877.776519367713 1219.48676997895
746 3953.31064322229 2871.41319068072
747 2451.31326360297 2705.591528067
748 4482.7530125286 1841.74813741216
749 4812.81110511191 3078.62438559386
750 4191.04835433891 2678.22941892793
751 1075.24047421436 1139.3698342031
752 4460.37040111571 1407.83997255455
753 2532.25626140322 3297.18650323783
754 4681.1819719576 2280.22546434634
755 1988.75391044427 1805.3668501982
756 4187.17145246532 2274.1254661263
757 631.28579983541 2560.14363562891
758 2697.43012676411 1479.27881266609
759 2479.20389078142 1679.25834666993
760 2969.31862959532 2630.80711462324
761 986.237234459011 3229.43858721587
762 2640.13391865255 469.611466669587
763 1024.83178878055 3272.34586477768
764 1632.80001506073 2274.49228828516
765 1421.21966151727 3201.75176967531
766 1799.47174397742 2171.79201890666
767 4552.9986791269 2104.93708403971
768 4856.14790953095 3313.84437569137
769 2943.18756330059 1535.36259026153
770 1461.59433482108 3217.44871292883
771 4545.4882230529 1184.71870617362
772 2655.72954331416 3350.36452501873
773 2312.88385291084 1184.22574674372
774 2377.95525983539 2321.34435207067
775 5019.08519741304 3385.74092340805
776 1578.6072928889 2862.87981314343
777 2183.23627659633 1687.17883985548
778 2155.65115535991 43.4249932513849
779 2451.58979790715 401.007072240289
780 4471.90630276211 2084.1253706359
781 2596.20806830484 1347.88059806767
782 616.46731601118 3360.28880710394
783 3614.13618744027 3164.50825095437
784 2877.51562934053 1960.560379415
785 721.551352446934 3308.61394186308
786 4120.19758273665 2273.77576231748
787 3274.06759680734 1117.96762794133
788 151.861235968409 2837.70285286827
789 4536.04862003469 2306.42099692709
790 581.281642353421 721.677265103761
791 4349.71389066081 990.48228057705
792 3104.3402773158 556.69176926621
793 214.363913611809 3117.60854071862
794 2674.6152931488 862.236942077937
795 2658.84650347099 1096.02150337845
796 1482.46503220592 2176.34754426491
797 2117.02954408882 1228.02359797966
798 2577.1517507161 656.847045484641
799 2481.31101724718 2233.17494721887
800 4562.54783331664 2626.57619164529
801 4572.89171211717 54.026997914641
802 4388.34708849843 725.547757704061
803 1378.32372223452 3216.7315440167
804 793.754710684215 2832.05583864576
805 203.257730562912 3139.63159279956
806 1161.2764005245 2868.49492682485
807 4643.96951075016 1835.24566357886
808 5092.07850541487 2006.79440361315
809 3797.12148860799 3300.42699786581
810 615.882193838569 3250.58420749533
811 927.940738115937 795.110197590008
812 4694.34778826534 2826.64255281294
813 2802.41560618854 331.679733933258
814 1010.632699289 1566.25043913898
815 4327.00520467732 1565.30586106247
816 4589.26330402524 2601.78503618087
817 3866.84726901053 3355.80564364508
818 4694.05742646278 3319.4471590694
819 589.328329215803 1438.64479541777
820 4497.31963180117 1110.01704324592
821 1511.97127897798 744.977183751279
822 2770.52414591578 993.302330560886
823 4632.262785491 1395.27388395348
824 4509.49606745421 141.627261331439
825 4586.63362121464 2187.55164113714
826 2725.10921922189 1447.16186740162
827 2879.87440648928 652.486791429761
828 596.692436471891 3154.39151336544
829 3484.49178694374 2811.70574471671
830 2516.215003956 126.215707652338
831 3606.54166156404 1941.37837331014
832 4864.70719715207 2224.94489975173
833 3340.41169942672 2805.16875568288
834 2760.49869909913 741.657259037253
835 4944.52685381358 552.674271116379
836 4757.36894429757 2069.57903668128
837 3224.87332101481 1644.92754630184
838 316.499288425456 1856.2543054834
839 4449.97157858714 1092.9151906223
840 3025.8630394239 336.879245645368
841 5075.09674191296 3249.20756269309
842 4299.18029206372 1789.78677892894
843 1696.63849774943 1984.63381495066
844 1715.80651012494 1278.96108971377
845 2598.58084473112 1607.14137242396
846 641.436942760663 2675.43063621329
847 3807.14209176906 2999.65241681449
848 3061.94044423238 1606.38457162467
849 140.537213274625 3230.78753130255
850 830.211530948498 551.264992285332
851 2578.28008709422 1734.331251988
852 525.603975819118 272.068083084964
853 5013.18214279962 2823.49605458827
854 2701.68558825925 1384.4101210691
855 1097.23391951519 2799.91544168448
856 829.240132675913 2066.8180199779
857 501.875727466155 2303.15959824375
858 4209.60472195184 2973.26389319958
859 1638.60716296162 2793.15946647995
860 1373.15724899299 1238.43504955329
861 4429.13701146095 3235.08661389409
862 308.940312270158 2297.11576166056
863 2523.76679431529 3144.48928893063
864 1168.76623585078 397.570348838213
865 11.4401072211664 2769.67696578005
866 3555.25259677831 1053.25568450004
867 4550.81158154749 1123.60546050874
868 4200.9519782919 1980.70957735833
869 2364.21823103452 1269.52229334651
870 3317.99486415357 1942.68304068867
871 4445.22454693674 1041.64960712735
872 897.1778689421 3306.63028066574
873 1248.90893095434 3123.38179183345
874 837.369074085447 2847.00741390859
875 4609.99471663584 2324.17405352618
876 4211.45023305252 2740.68917106831
877 1655.58766593262 3378.51076015637
878 4420.23799280796 236.697636454579
879 297.022603811566 1917.16364300482
880 4073.31382558597 2878.30471498282
881 292.953325844132 2701.57635509438
882 2942.93731874992 1095.56706260539
883 2544.19707618658 1314.33600865988
884 3246.01055528184 658.613620949733
885 4364.9328049816 2383.73394659977
886 2584.29929677055 489.316758690644
887 3858.98768656675 1927.00170335168
888 1549.71713702837 2498.36746801599
889 3219.8206259987 2292.56190951373
890 4053.77484491254 2246.21877742335
891 2171.42138836119 1128.43795368334
892 1969.19314509381 3317.49340220308
893 1381.28805972766 2469.51861086352
894 5003.37070154323 2629.32477327071
895 95.7375228130673 2304.99292024197
896 5022.50090751193 3164.19377554237
897 21.1142088024883 3384.44168866211
898 4867.70758272655 2229.85158380917
899 2673.43433597291 707.569030058499
900 2447.72715481676 1984.80304592378
901 3102.8069819161 547.228992592019
902 1638.06054663702 1969.95035341212
903 4517.48782446697 193.722617923985
904 3240.39986073439 2901.13282816345
905 2428.13852767828 1009.92473361717
906 3353.60567308734 1759.43861147798
907 4054.46957106362 3352.44649563361
908 2976.09753243075 1733.7419213851
909 4887.63220642592 3136.85297819256
910 2705.16931215674 868.351356590904
911 1090.82094057222 2970.43280349648
912 2296.37974134247 1001.05356561628
913 564.480311581623 1250.5540365773
914 2853.35753783912 348.359637542045
915 2315.50880097595 2883.74254523939
916 1955.66816005652 1798.94586623474
917 443.233444677213 1318.59717871302
918 4553.84065651232 755.024028067575
919 2030.09896255296 2945.88732391065
920 2742.31405342669 2353.33196476794
921 4592.69450621129 1162.8639422327
922 4643.98554005581 1803.40206260838
923 1166.70826844104 1181.91204529673
924 1091.89417222652 2201.81303224191
925 4194.79611763577 3308.59030257175
926 4391.14907384013 3249.42932712816
927 2824.03917856808 1730.66035045115
928 3714.49605233917 1298.53793853724
929 3633.61581746245 457.665493388621
930 846.628312923538 2690.34743066055
931 410.211925497883 3336.02669104204
932 3550.91647142954 1731.75254282578
933 2365.82530917164 1347.2138104514
934 3050.02572819447 155.820639458907
935 1614.51547362786 2195.07496009413
936 2960.18397480123 1037.36817983356
937 4369.58637148605 546.164989491826
938 589.466377332064 2295.61829083187
939 2583.449138511 89.5093869988518
940 717.242440268023 1539.37779094701
941 4275.44720987537 48.6841044269822
942 4652.2693917267 1394.07590716817
943 2748.93878476553 1765.80441032219
944 3508.1952591492 1743.58730070592
945 502.856984632902 2945.22266777252
946 1986.93643000106 1838.08827401459
947 4402.11061026763 2997.4250738762
948 4050.99444765967 2065.24345070873
949 4375.44097539026 67.5177276837226
950 3885.05325350375 3014.50449618756
951 4630.80361613251 1070.76386819026
952 4884.04943688955 2334.63764968332
953 2521.48690935086 1516.42880898142
954 1643.12216422168 1035.2516787396
955 1240.72607708014 1294.6040260438
956 2971.99717622078 1686.35484754846
957 1222.12112032827 3225.30229969642
958 4474.13245964686 446.580874919011
959 4199.3241112994 3260.5462711562
960 4522.07508197882 1410.69013023375
961 3734.93834119835 1214.67907361018
962 4307.11071134102 398.252191408118
963 2341.37871281317 1488.74095771688
964 4305.47864630802 516.199899817076
965 3069.02276959363 703.961031109665
966 4101.01272341947 1878.24366237498
967 665.649689731044 1507.6069225482
968 3850.42957618388 3151.18294635232
969 4702.25867129579 2514.64616391368
970 1309.30672189877 2516.52656909083
971 3531.01440983029 395.49499917374
972 2731.40443052571 1264.47355624327
973 4201.80914354661 3236.97486166745
974 3479.5367494762 3243.96798482559
975 597.34325715344 2331.112918493
976 641.684542734034 1213.8867087364
977 1267.55324519548 1215.78998567718
978 1529.83525643818 2520.10974737559
979 161.181566169549 2767.67579502667
980 2375.07081510459 1702.2927874418
981 4615.01251923537 722.377827246779
982 529.797508865829 1125.57927682752
983 4276.89740277178 1769.37767523229
984 3221.66359314477 2908.96997523415
985 2669.87601413408 907.246369489862
986 994.767340044235 495.523158847418
987 1608.10535197886 1740.93617989823
988 2828.68651869688 1590.56985850763
989 3371.29762028217 3196.60305375498
990 3237.0239052196 1080.09803916374
991 515.502178397843 2618.4551340641
992 2425.54682736623 2336.62578114208
993 439.310297391404 3298.74616205569
994 661.195191453759 1370.67969854781
995 529.246568550232 227.383037164162
996 4371.8273871942 134.315458359344
997 2811.72343370888 780.180460108713
998 1403.87792540672 3270.01330927394
999 574.916789883172 1225.47694093302

